##TITLE= Parameter file, TOPSPIN		Version 2.1
##JCAMPDX= 5.0
##DATATYPE= Parameter Values
##NPOINTS= 16	$$ modification sequence number
##ORIGIN= Bruker BioSpin GmbH
##OWNER= nmr
$$ 2016-06-24 10:53:32.825 +0200  nmr@nmrge300b
$$ /opt/topspin2.1pl8/data/sistare/data/nmr/nmr/esg_aliasing_sign/8/pdata/1/clevels
$$ process /opt/topspin2.1pl8/prog/mod/dataserver
##$LEVELS= (0..255)
-14238343.7025921 -7910190.94588449 -4394550.52549138 -2441416.95860632
-1356342.75478129 -753523.752656271 -418624.307031262 -232569.059461812
232569.059461812 418624.307031262 753523.752656271 1356342.75478129 2441416.95860632
4394550.52549138 7910190.94588449 14238343.7025921 0 0 0 0 0 0 0 0 0 0
0 0 0 0 0 0 0 0 0 0 0 0 0 0 0 0 0 0 0 0 0 0 0 0 0 0 0 0 0 0 0 0 0 0 0 0
0 0 0 0 0 0 0 0 0 0 0 0 0 0 0 0 0 0 0 0 0 0 0 0 0 0 0 0 0 0 0 0 0 0 0 0
0 0 0 0 0 0 0 0 0 0 0 0 0 0 0 0 0 0 0 0 0 0 0 0 0 0 0 0 0 0 0 0 0 0 0 0
0 0 0 0 0 0 0 0 0 0 0 0 0 0 0 0 0 0 0 0 0 0 0 0 0 0 0 0 0 0 0 0 0 0 0 0
0 0 0 0 0 0 0 0 0 0 0 0 0 0 0 0 0 0 0 0 0 0 0 0 0 0 0 0 0 0 0 0 0 0 0 0
0 0 0 0 0 0 0 0 0 0 0 0 0 0 0 0 0 0 0 0 0 0 0 0 0 0 0 0 0 0 0 0 0 0 0 0
0 0 0 0 0 0 0 0 0 0 0 0 0 0
##$LEVSIGN= 3
##$MAXLEV= 8
##$METHOD= 0
##$NEGBASE= -6066.343744
##$NEGINCR= 1.8
##$POSBASE= 6066.343744
##$POSINCR= 1.8
##END=
